12 21 21 56 123 56 123 54 32 12 35 45 2 1 3 45 332 453 35 21 54000 3 12 54 454 53 35 21 54 3 12 54 45 21 54 3 12 54 45 21 54 3 12 54 45
21 54 3 12 54 45 21 54 3 12 54 45 21 54 3 12 54 45 21 54 3 12 54000 45 21 54 3 12 54 45 132 123 231 21 23 5 3 12 31 2 3 13 213 13 54 45
21 54 3 12 54 45 21 54 3 12 54 45 21 54 3 12 54 45 21 54 3 12 54000 45 21 54 3 12 54 45 132 123 231 21 23 5 3 12 31 2 3 13 213 13 54 45
21 54 3 12 54 45 21 54 3 12 54 45 21 54 3 12 54 45 21 54 3 12 54 45 21 54 3 12 54 45 132 123 231 21 23 5 3 12 31 2 3 13 213 1354 45
21 54 3 12 54 45 21 54 3 12 54 45 21 54 3 12 54 45 21 54 3 12 54 45 21 54 3 12 54 45 132 123 231 21 23 5 3 12 31 2 3 13 213 13 54 45
21 54 3 12 54 45 21 54 3 12 54 45 21 54 3 12 54 45 21 54 3 12 54 45 21 54 3 12 54 45 132 123 231 21 23 5 3 12 31 2 3 13 213 13 54 45
21 54 3 12 54 45 21 54 3 12 54 45 21 54 3 12 54 45 21 54 3 12 54 45 21 54 3 12 54 45 132 123 231 21 23 5 3 12 31 2 3 13 213 13 54 45
21 54 3 12 54 45 21 54 3 12 54 45 21 54 3 12 54 45 21 54 3 12 54 45 21 54 3 12 54 45 132 123 231 21 23 5 3 12 31 2 3 13 213 13 54 45
21 54 3 12 54 45 21 54 3 12 54 45 21 54 3 12 54 45 21 54 3 12 54 45 21 54 3 12 54 45 132 123 231 21 23 5 3 12 31 2 3 13 213 13 54 45
21 54 3 12 54 45 21 54 3 12 54 45 21 54 3 12 54 45 21 54 3 12 54 45 21 54 3 12 54 45 132 123 231 21 23 5 3 12 31 2 3 13 213 13 54 45
21 54 3 12 54 45 21 54 3 12 54 45 21 54 3 12 54 45 21 54 3 12 54 45 21 54 3 12 54 45 132 123 231 21 23 5 3 12 31 2 3 13 213 13 54 45
21 54 3 12 54 45 21 54 3 12 54 45 21 54 3 12 54 45 21 54 3 12 54 45 21 54 3 12 54 45 132 123 231 21 23 5 3 12 31 2 3 13 213 13 54 45
21 54 3 12 54 45 21 54 3 12 54 45 21 54 3 12 54 45 21 54 3 12 54 45 21 54 3 12 54 45 132 123 231 21 23 5 3 12 31 2 3 13 213 13 54 45
21 54 3 12 54 45 21 54 3 12 54 45 21 54 3 12 54 45 21 54 3 12 54 45 21 54 3 12 54 45 132 123 231 21 23 5 3 12 31 2 3 13 213 13 54 45
21 54 3 12 54 45 21 54 3 12 54 45 21 54 3 12 54 45 21 54 3 12 54 45 21 54 3 12 54 45 132 123 231 21 23 5 3 12 31 2 3 13 213 13 54 45
21 54 3 12 54 45 21 54 3 12 54 45 21 54 3 12 54 45 21 54 3 12 54 45 21 54 3 12 54 45 132 123 231 21 23 5 3 12 31 2 3 13 213 13 